股票代码
000012
000155
000514
000533
000553
000707
000782
000863
000898
000985
001378
002015
002051
002080
002092
002119
002120
002157
002170
002176
002186
002221
002299
002312
002347
002408
002442
002446
002597
002706
002783
002788
002897
002978
002993
003042
300019
300073
300222
300243
300387
300409
300437
300610
300801
300821
300864
301152
301197
301222
301246
301251
301386
301486
301613
600050
600075
600096
600116
600141
600182
600230
600257
600338
600348
600438
600456
600597
600678
600722
600727
600917
600929
600955
601005
601038
601158
601568
601678
603059
603077
603180
603235
603279
603281
603299
603815
603822
603920
603948
